%YAML:1.0
---
first_compressed_patch: !!opencv-matrix
   rows: 16
   cols: 1
   dt: f
   data: [ 2.25473957e+01, 3.42297180e+02, 9.93231964e+01,
       -1.74567246e+00, 1.58920121e+00, 1.78884196e+00, -2.62273908e+00,
       -1.14718456e+01, 6.51035452e+00, -5.88754606e+00, 1.71136320e+00,
       2.29608089e-01, -2.66636014e+00, 3.36306763e+00, 2.59548736e+00,
       3.01525402e+00 ]
