%YAML:1.0
---
first_compressed_patch: !!opencv-matrix
   rows: 16
   cols: 1
   dt: f
   data: [ -3.26367950e+02, -1.71195641e+01, 7.47605896e+01,
       -5.78593750e+01, 4.43325806e+00, 2.80216484e+01, 2.97389679e+01,
       5.95975876e+01, -1.36234112e+01, 1.45733765e+02, -2.71594787e+00,
       -9.09358382e-01, -4.04735804e+00, 3.09520811e-01, -3.56068730e-01,
       -4.52830315e+00 ]
