%YAML:1.0
---
first_compressed_patch: !!opencv-matrix
   rows: 16
   cols: 1
   dt: f
   data: [ -3.52845062e+02, -1.13320183e+02, 7.72899475e+01,
       4.47881050e+01, 6.20774040e+01, 2.15097122e+01, -9.52334499e+00,
       -7.77332449e+00, 1.28574085e+00, 1.53294802e+01, -5.60972261e+00,
       1.36243467e+01, 6.52262735e+00, 1.04219663e+00, 3.88198638e+00,
       4.57600594e+00 ]
