%YAML:1.0
---
PCA_eigenvectors: !!opencv-matrix
   rows: 16
   cols: 300
   dt: f
   data: [ 1.43256672e-02, 1.59750469e-02, 2.59326175e-02,
       3.74518037e-02, 4.46944311e-02, 5.19458354e-02, 5.92046641e-02,
       6.54118732e-02, 7.36654326e-02, 8.30865726e-02, 1.69629306e-02,
       1.26920221e-02, 1.34668527e-02, 2.12313011e-02, 2.61239260e-02,
       3.19904573e-02, 4.06055227e-02, 5.19804396e-02, 6.39011934e-02,
       7.28815570e-02, 2.99140196e-02, 1.98002253e-02, 1.47334235e-02,
       1.56090371e-02, 1.84403230e-02, 2.20046528e-02, 3.33623327e-02,
       4.70696986e-02, 5.92049062e-02, 6.63275272e-02, 3.92440148e-02,
       2.49280576e-02, 1.18696121e-02, 6.30313437e-03, 5.59110940e-03,
       8.11363850e-03, 1.71161722e-02, 2.62492057e-02, 3.28518823e-02,
       3.46918553e-02, 4.36905213e-02, 2.79648751e-02, 1.54251624e-02,
       6.65640226e-03, 4.69824392e-03, 4.76904633e-03, 9.38762259e-03,
       1.11256279e-02, 1.39735276e-02, 1.39618516e-02, 4.21834514e-02,
       2.55963933e-02, 1.21096717e-02, 2.79174745e-03, 4.98375099e-04,
       1.41816273e-07, 3.26292589e-04, 1.41816273e-07, 1.33495289e-03,
       5.74264908e-04, 4.11482118e-02, 2.38413997e-02, 1.17554544e-02,
       3.03971767e-03, 2.61669490e-03, 5.08868485e-04, 3.88061581e-03,
       2.30982597e-03, 5.48457727e-03, 2.24612979e-03, 4.09799144e-02,
       2.28755716e-02, 1.00981109e-02, 3.01141664e-03, 2.48190807e-03,
       1.41816273e-07, 4.08248696e-03, 2.11993395e-03, 4.16555721e-03,
       1.05659361e-03, 4.37395424e-02, 2.48324368e-02, 1.11884419e-02,
       4.65977751e-03, 3.33980448e-03, 7.36057875e-04, 4.35346784e-03,
       1.82708923e-03, 3.60144302e-03, 5.47867909e-04, 4.52781767e-02,
       2.73704901e-02, 1.53029822e-02, 6.76021772e-03, 4.90327459e-03,
       9.27424582e-04, 3.81643767e-03, 1.23347540e-03, 3.74522270e-03,
       3.65291606e-04, 5.24023138e-02, 5.40515557e-02, 6.08484186e-02,
       7.23676458e-02, 7.75278062e-02, 8.47792253e-02, 9.23036411e-02,
       9.85109955e-02, 1.08385995e-01, 1.17807128e-01, 5.50394580e-02,
       5.07686362e-02, 4.83824797e-02, 5.61469123e-02, 5.89573346e-02,
       6.48237392e-02, 7.37044513e-02, 8.50793496e-02, 9.86217856e-02,
       1.07601956e-01, 6.52496442e-02, 5.51358499e-02, 4.46097516e-02,
       4.54853997e-02, 4.32823673e-02, 4.68467884e-02, 5.59642538e-02,
       6.96715564e-02, 8.22954103e-02, 8.94179046e-02, 7.45797232e-02,
       6.02637120e-02, 4.17459272e-02, 3.61794569e-02, 2.92985030e-02,
       3.14558931e-02, 3.97178903e-02, 4.88511063e-02, 5.59423603e-02,
       5.77823557e-02, 7.66330212e-02, 6.09075539e-02, 4.04282212e-02,
       3.16594578e-02, 2.32795011e-02, 2.28025932e-02, 2.20435224e-02,
       2.34164223e-02, 2.48368103e-02, 2.48251185e-02, 7.51260594e-02,
       5.85390329e-02, 3.71127799e-02, 2.76228022e-02, 1.88600756e-02,
       1.58323850e-02, 1.32551817e-02, 1.27339121e-02, 1.20793926e-02,
       1.06482441e-02, 7.28077069e-02, 5.55008501e-02, 3.48160937e-02,
       2.59283632e-02, 1.78003479e-02, 1.53008401e-02, 1.21683041e-02,
       1.09207602e-02, 8.58670287e-03, 5.34834433e-03, 7.26393983e-02,
       5.45349456e-02, 3.31587903e-02, 2.59000529e-02, 1.76655687e-02,
       1.44181969e-02, 1.22477924e-02, 1.04076909e-02, 6.98395912e-03,
       3.04401806e-03, 7.36567378e-02, 5.47496341e-02, 3.40665616e-02,
       2.75379028e-02, 1.77504662e-02, 1.41859343e-02, 1.26008941e-02,
       1.00746052e-02, 5.62372850e-03, 2.55095749e-03, 7.51954541e-02,
       5.72877862e-02, 3.81810702e-02, 2.96383556e-02, 1.93138644e-02,
       1.47512583e-02, 1.20638907e-02, 9.21143126e-03, 5.76750189e-03,
       2.01394362e-03, 8.56693611e-02, 8.73186439e-02, 9.62797999e-02,
       1.07798927e-01, 1.16574384e-01, 1.23825885e-01, 1.30521923e-01,
       1.36729091e-01, 1.43704399e-01, 1.53125554e-01, 8.83066803e-02,
       8.40357989e-02, 8.38139802e-02, 9.15784091e-02, 9.80036929e-02,
       1.03870399e-01, 1.11922815e-01, 1.23297654e-01, 1.33940041e-01,
       1.42920285e-01, 9.52217877e-02, 8.51079151e-02, 7.80503824e-02,
       7.89260790e-02, 7.98278749e-02, 8.33926573e-02, 9.32165831e-02,
       1.06924109e-01, 1.17938414e-01, 1.25060871e-01, 1.04551740e-01,
       9.02358145e-02, 7.51866996e-02, 6.96201771e-02, 6.58443198e-02,
       6.80016428e-02, 7.69703239e-02, 8.61036107e-02, 9.15853530e-02,
       9.34253260e-02, 1.04040273e-01, 8.83148611e-02, 7.15295821e-02,
       6.27607927e-02, 5.81413470e-02, 5.76643609e-02, 5.91377467e-02,
       6.05106466e-02, 6.02406971e-02, 6.02289252e-02, 1.02533214e-01,
       8.59462768e-02, 6.82142228e-02, 5.87240830e-02, 5.37217893e-02,
       5.06941825e-02, 5.03492989e-02, 4.98281084e-02, 4.74832989e-02,
       4.60521132e-02, 1.00503564e-01, 8.31967667e-02, 6.58975765e-02,
       5.70097677e-02, 5.16268276e-02, 4.91273776e-02, 4.69185524e-02,
       4.56710234e-02, 4.14770171e-02, 3.82385924e-02, 1.00474805e-01,
       8.23703557e-02, 6.43797964e-02, 5.71211055e-02, 5.14921919e-02,
       4.82447594e-02, 4.69980687e-02, 4.51579466e-02, 3.98742035e-02,
       3.55901532e-02, 1.04263321e-01, 8.53561237e-02, 6.56956732e-02,
       5.91669902e-02, 5.06970063e-02, 4.71324883e-02, 4.32731137e-02,
       4.07467224e-02, 3.29202749e-02, 2.93312278e-02, 1.05802111e-01,
       8.78942311e-02, 6.98102042e-02, 6.12675846e-02, 5.22604249e-02,
       4.76977564e-02, 4.27360386e-02, 3.98836359e-02, 3.30640338e-02,
       2.87942216e-02, -3.47478390e-02, -5.45586199e-02, -1.06163152e-01,
       -8.30884054e-02, -8.10869187e-02, -7.87760615e-02,
       -4.42181453e-02, -1.90620609e-02, -9.87067251e-05, 1.78176649e-02,
       6.15912192e-02, 3.75917479e-02, -6.37062863e-02, -6.56628236e-02,
       -7.70608932e-02, -8.86762664e-02, -6.64994344e-02,
       -3.58064510e-02, -2.13811602e-02, -8.90130084e-03, 9.84825864e-02,
       9.66601148e-02, -8.04674812e-03, -3.70570086e-02, -5.61948530e-02,
       -8.07786062e-02, -7.98170567e-02, -6.35455474e-02,
       -3.81135531e-02, -2.59319320e-02, 1.07702270e-01, 1.08292967e-01,
       6.57329289e-03, -2.26699822e-02, -3.87542322e-02, -6.05176203e-02,
       -9.09924582e-02, -1.03031501e-01, -9.29000005e-02,
       -9.66504812e-02, 7.16976225e-02, 7.68109486e-02, 1.10706901e-02,
       -2.71875295e-03, -1.94466710e-02, -3.72924171e-02,
       -5.82410209e-02, -7.31497183e-02, -5.97512797e-02,
       -6.74584061e-02, 6.34216517e-02, 6.95184171e-02, 1.12598483e-02,
       1.39344838e-02, 1.80841380e-04, 2.85597366e-07, 1.97076029e-03,
       2.85597366e-07, 9.88433044e-03, -1.91517849e-03, 6.20269179e-02,
       6.51298761e-02, 7.47745018e-03, 1.00484183e-02, 3.40718799e-03,
       3.56432912e-03, 2.66041793e-03, 4.03472455e-03, 1.56056033e-02,
       1.36830918e-02, 7.57584348e-02, 7.03738704e-02, 7.38382339e-03,
       1.23954108e-02, 2.24500964e-03, 2.85597366e-07, 6.85196044e-03,
       1.15549900e-02, 2.50352398e-02, 8.34493153e-03, 8.02803934e-02,
       7.89545998e-02, 4.43870388e-03, 1.74338054e-02, -1.04977489e-02,
       -6.90837624e-03, -1.53105445e-02, -5.48917288e-03, 1.49723678e-03,
       4.78094630e-03, 6.93098158e-02, 8.06627795e-02, 1.67245641e-02,
       2.63902005e-02, -2.75780750e-03, -6.10024715e-03, -1.65278111e-02,
       -6.35172147e-03, 2.05453672e-03, 3.18737724e-03, -2.19858363e-02,
       -4.17931601e-02, -9.34320614e-02, -7.03564286e-02,
       -8.28642100e-02, -8.05476457e-02, -6.03243485e-02,
       -3.51672471e-02, -2.15254016e-02, -3.61575466e-03, 7.43557438e-02,
       5.03552742e-02, -5.09750284e-02, -5.29269390e-02, -7.88349286e-02,
       -9.04521346e-02, -8.26012567e-02, -5.19130044e-02,
       -4.28146012e-02, -3.03278808e-02, 1.09880239e-01, 1.08059093e-01,
       2.29225587e-03, -2.67184209e-02, -6.09750636e-02, -8.55583623e-02,
       -9.10401493e-02, -7.47735426e-02, -6.47002161e-02,
       -5.25136814e-02, 1.19095922e-01, 1.19687490e-01, 1.69144738e-02,
       -1.23302657e-02, -5.33932149e-02, -7.83441663e-02,
       -1.02219574e-01, -1.14259884e-01, -1.19484402e-01,
