%YAML:1.0
---
PCA_eigenvectors: !!opencv-matrix
   rows: 16
   cols: 75
   dt: f
   data: [ 1.96318984e-01, 1.82768822e-01, 2.04061911e-01,
       1.17228441e-01, -1.12589984e-03, 2.10692823e-01, 3.84124815e-02,
       -3.70811410e-02, -4.62106615e-02, -6.22456744e-02, 7.71271735e-02,
       7.44074583e-03, -6.41814172e-02, -7.33109564e-02, -8.71356279e-02,
       -7.55349919e-02, -7.08398223e-02, -9.18583274e-02,
       -9.93266627e-02, -1.08730756e-01, -1.31122112e-01,
       -1.65141582e-01, -1.14537939e-01, -1.19795963e-01,
       -1.28088072e-01, 1.94383219e-01, 1.80833071e-01, 2.02126190e-01,
       1.15292683e-01, -3.06164613e-03, 2.16225460e-01, 3.81379053e-02,
       -3.73557210e-02, -4.64852452e-02, -6.25202656e-02, 7.90628940e-02,
       9.37646627e-03, -6.22456968e-02, -7.13752210e-02, -8.51999372e-02,
       -7.52604306e-02, -7.05652162e-02, -9.15836915e-02,
       -9.90520418e-02, -1.08456120e-01, -1.33057788e-01,
       -1.67077273e-01, -1.16473645e-01, -1.21731676e-01,
       -1.30023777e-01, 1.94383264e-01, 1.80833116e-01, 2.02126175e-01,
       1.15292720e-01, -3.06163169e-03, 2.12353989e-01, 3.81379165e-02,
       -3.73557135e-02, -4.64852415e-02, -6.25202507e-02, 7.90629163e-02,
       9.37647745e-03, -6.22456782e-02, -7.13752136e-02, -8.51999372e-02,
       -7.52604455e-02, -7.05652460e-02, -9.15837139e-02,
       -9.90520865e-02, -1.08456187e-01, -1.33057877e-01,
       -1.67077288e-01, -1.16473690e-01, -1.21731706e-01,
       -1.30023792e-01, -1.55913219e-01, -1.49768725e-01,
       -1.59424409e-01, -1.26737893e-01, -6.63799718e-02,
       -1.82497442e-01, -1.04375340e-01, -7.01418594e-02,
       -7.93794990e-02, -5.87307140e-02, -1.21930964e-01,
       -9.03308317e-02, -5.78529201e-02, -6.70905337e-02,
       -5.41328266e-02, -1.06214426e-01, -1.28409564e-01,
       -1.25567093e-01, -1.28868625e-01, -1.31292403e-01,
       -9.43845063e-02, -9.90228206e-02, -1.28658921e-01,
       -1.39651343e-01, -1.22514181e-01, -1.55035853e-01,
       -1.48891404e-01, -1.58546954e-01, -1.25860393e-01,
       -6.55024871e-02, -1.78317994e-01, -9.75624099e-02,
       -6.33289516e-02, -7.25665390e-02, -5.19178063e-02,
       -1.22809105e-01, -9.12089422e-02, -5.87310418e-02,
       -6.79686219e-02, -5.50109148e-02, -1.13027729e-01,
       -1.35222033e-01, -1.32378727e-01, -1.35680377e-01,
       -1.38104260e-01, -9.35058296e-02, -9.81443301e-02,
       -1.27780110e-01, -1.38772562e-01, -1.21635444e-01,
       -1.55035481e-01, -1.48891017e-01, -1.58546522e-01,
       -1.25860095e-01, -6.55021667e-02, -1.76562116e-01,
       -9.75622013e-02, -6.33287206e-02, -7.25663379e-02,
       -5.19175641e-02, -1.22808881e-01, -9.12087485e-02,
       -5.87308444e-02, -6.79684430e-02, -5.50106876e-02,
       -1.13027625e-01, -1.35222822e-01, -1.32380024e-01,
       -1.35681570e-01, -1.38105288e-01, -9.35066938e-02,
       -9.81450304e-02, -1.27781078e-01, -1.38773516e-01,
       -1.21636383e-01, 4.85450849e-02, 1.79116726e-02, 5.16646877e-02,
       -4.12183441e-02, -1.42771915e-01, 8.82494897e-02, -8.00433233e-02,
       -1.38780877e-01, -1.27207652e-01, -1.57838777e-01,
       -5.06038219e-02, -1.04123399e-01, -1.59335956e-01,
       -1.48927584e-01, -1.69219971e-01, -8.42638314e-02,
       -3.80727053e-02, -3.35020125e-02, 2.03041788e-02, 7.09619969e-02,
       -4.52184565e-02, 6.82742596e-02, 7.55801797e-02, 1.50831223e-01,
       8.67666155e-02, 9.51918121e-03, -7.55583402e-03, 1.72748603e-02,
       -6.86238408e-02, -1.67705417e-01, 4.26410809e-02, -1.17786780e-01,
       -1.76141858e-01, -1.61899745e-01, -1.95623323e-01,
       -7.60257840e-02, -1.29994780e-01, -1.85893059e-01,
       -1.69279888e-01, -1.91661268e-01, -7.80338943e-02, 3.67910303e-02,
       1.08616821e-01, 1.52955964e-01, 1.93713501e-01, 2.90926397e-02,
       1.26690313e-01, 1.58561677e-01, 2.28477061e-01, 1.60124004e-01,
       4.32438962e-02, 3.12871337e-02, 4.98488732e-02, -4.45292071e-02,
       -1.44419476e-01, 6.96239099e-02, -9.88149494e-02, -1.57431304e-01,
       -1.46549419e-01, -1.76843166e-01, -5.85775785e-02,
       -1.12550415e-01, -1.67799637e-01, -1.55021667e-01,
       -1.76213607e-01, -6.96935579e-02, -2.23695971e-02, 6.24991860e-03,
       5.85331991e-02, 1.06721506e-01, -4.24033292e-02, 6.77362606e-02,
       7.81539753e-02, 1.52682900e-01, 8.81866291e-02, -2.73572028e-01,
       5.65537333e-01, -2.26351917e-01, -2.37888210e-02, -2.68386882e-02,
       6.85424730e-03, -3.00604254e-02, -1.25954691e-02, 6.42394498e-02,
       -2.06612004e-03, -2.33201906e-02, -2.08284352e-02,
       -2.77289506e-02, -8.49588066e-02, 5.21601401e-02, 2.52575823e-03,
       -1.17309196e-02, -6.54051173e-03, 2.79046241e-02, 2.69840634e-03,
       7.52133355e-02, -5.20358048e-02, 2.62442324e-02, 4.62021045e-02,
       -2.08583921e-02, -3.78056169e-02, -2.27478519e-01, 1.35353550e-01,
       -1.41360894e-01, -3.21230181e-02, 5.55516593e-02, -4.64774556e-02,
       -1.99709125e-02, 3.06290723e-02, -1.57654341e-02, 2.14805342e-02,
       -2.78093722e-02, -6.32630885e-02, 1.94721401e-03, -4.50151898e-02,
       6.35879636e-02, 3.03124730e-02, 1.92566332e-03, -3.97500433e-02,
       3.48981023e-02, 1.90949231e-01, 1.39661610e-01, -1.28869534e-01,
       -9.95122492e-02, -1.29846722e-01, 1.65062696e-01, 2.17138752e-01,
       -2.38425151e-01, 7.89719820e-02, -1.41920429e-02, -1.13962265e-02,
       -2.65844837e-02, -4.32290919e-02, 2.57716235e-02, 6.39152974e-02,
       1.03981510e-01, 8.07790551e-03, 5.64772375e-02, 1.10390140e-02,
       -1.10443108e-01, -2.72109099e-02, 2.44615320e-02, 2.10592121e-01,
       -2.25264058e-02, -2.14087561e-01, -1.49454281e-01, 1.33636132e-01,
       -4.44202982e-02, 1.54008567e-02, 6.01553023e-02, -2.30468720e-01,
       -4.87053581e-03, 6.81064188e-01, 5.11490889e-02, -4.63735982e-04,
       5.39150275e-02, -4.60655568e-03, -1.33212525e-02, 2.92072706e-02,
       7.23293498e-02, -2.45785285e-02, 8.06162879e-03, 4.18295600e-02,
       -6.22766204e-02, -1.28558725e-02, 3.80251892e-02, -4.57365364e-02,
       -2.00591311e-02, 9.34999585e-02, -2.24658977e-02, -5.92226833e-02,
       -4.27840687e-02, 7.10490569e-02, 1.77801345e-02, -6.30467385e-03,
       1.97959295e-03, -2.11036503e-01, -1.65673777e-01, -1.34606183e-01,
       -1.68085992e-02, -1.62581682e-01, -8.62376764e-02,
       -5.93547188e-02, 1.89927239e-02, 6.90252036e-02, 4.82690744e-02,
       -1.99750978e-02, -4.88887765e-02, 5.87183237e-03, 3.16021442e-02,
       -9.88592207e-02, -8.85481089e-02, -9.86080393e-02, 3.41839381e-02,
       2.20192876e-02, 6.23407327e-02, -3.29543538e-02, 1.47621498e-01,
       -3.08102425e-02, -3.22189182e-02, 1.35747686e-01, -3.39814201e-02,
       -1.61224931e-01, 4.20325510e-02, -5.05200364e-02, 2.07600035e-02,
       8.73477310e-02, 9.59864631e-02, -7.53602386e-02, -3.55053656e-02,
       7.03878999e-02, 1.21554872e-02, 6.39509335e-02, 5.72209954e-02,
       -1.19266577e-01, -7.22696856e-02, 1.85527593e-01, 1.02108307e-01,
       1.47442892e-01, -2.55716983e-02, 1.55491397e-01, -1.06496528e-01,
       -1.19188791e-02, -1.42305538e-01, -1.21818237e-01,
       -1.91554695e-01, -7.10617304e-02, -7.07579106e-02,
       -8.45833942e-02, 1.73056331e-02, 1.23976283e-02, 4.51110713e-02,
       -4.87439538e-05, -3.15358788e-02, 5.62246405e-02, -1.06737867e-01,
       6.34982437e-03, -1.12384418e-02, 1.63647421e-02, -5.26437685e-02,
       -2.42425799e-02, -5.70785068e-02, 1.82419959e-02, 1.02707617e-01,
       9.86289307e-02, -2.44236570e-02, 1.65575370e-01, 6.84001222e-02,
       -1.70307644e-02, -1.20997488e-01, 1.78466007e-01, -9.45166126e-03,
       5.18289685e-01, 5.96182495e-02, 1.80988107e-02, -2.05336437e-01,
       1.56236216e-02, 2.43423898e-02, 3.31818126e-02, -8.05287063e-02,
       9.73599926e-02, 3.21842134e-02, 1.49276936e-02, 9.09225456e-03,
       6.03385046e-02, -9.09465402e-02, -4.61536124e-02, 9.61748697e-03,
       -8.28855559e-02, -3.95650566e-02, -3.34440559e-01, 4.59059216e-02,
       1.28445894e-01, 1.39232621e-01, 1.65484518e-01, 9.76853147e-02,
