%YAML:1.0
---
PCA_eigenvectors: !!opencv-matrix
   rows: 16
   cols: 75
   dt: f
   data: [ 1.35322154e-01, 1.54971272e-01, 1.50935709e-01,
       1.56768396e-01, 1.47710219e-01, 1.30169138e-01, 1.84768707e-01,
       1.69358462e-01, 1.66505635e-01, 1.57781750e-01, 9.53817591e-02,
       1.22329742e-01, 1.14859879e-01, 1.27151027e-01, 1.11724108e-01,
       6.32314757e-02, 6.35550991e-02, 5.61716594e-02, 5.87597564e-02,
       5.13780862e-02, 5.45340292e-02, 2.98161320e-02, 2.98161320e-02,
       3.69736180e-02, 3.69736180e-02, 1.24370016e-01, 1.44002825e-01,
       1.39980838e-01, 1.45835429e-01, 1.36785820e-01, 1.34133339e-01,
       1.88670948e-01, 1.73261791e-01, 1.70455799e-01, 1.61745027e-01,
       1.06356226e-01, 1.33263543e-01, 1.25809491e-01, 1.38128355e-01,
       1.22719102e-01, 5.92835546e-02, 5.96229434e-02, 5.22499755e-02,
       5.48555702e-02, 4.74825464e-02, 4.35403809e-02, 1.88653190e-02,
       1.88653208e-02, 2.60406807e-02, 2.60406882e-02, 1.24389522e-01,
       1.44022375e-01, 1.40000358e-01, 1.45855069e-01, 1.36805475e-01,
       1.34153113e-01, 1.88690782e-01, 1.73281640e-01, 1.70475766e-01,
       1.61764979e-01, 1.06375717e-01, 1.33283034e-01, 1.25828952e-01,
       1.38148054e-01, 1.22738801e-01, 5.93024716e-02, 5.96418530e-02,
       5.22688851e-02, 5.48745841e-02, 4.75015901e-02, 4.35582325e-02,
       1.88831873e-02, 1.88831873e-02, 2.60586832e-02, 2.60586832e-02,
       -3.08231339e-02, -5.02516404e-02, -3.23744342e-02, 5.42292744e-03,
       1.55409891e-02, -2.20202599e-02, -1.29640341e-01, -1.05480254e-01,
       -3.12828906e-02, -1.17945187e-02, 1.65073331e-02, -4.66074720e-02,
       -1.99294128e-02, 3.31395343e-02, 5.72903901e-02, 6.27519116e-02,
       8.23843107e-02, 9.62274075e-02, 1.26270697e-01, 1.40114784e-01,
       1.37109965e-01, 2.08161145e-01, 2.08161131e-01, 2.40465209e-01,
       2.40465224e-01, -1.70207825e-02, -3.64583209e-02, -1.85735039e-02,
       1.92358326e-02, 2.93586534e-02, -1.87740475e-02, -1.26428351e-01,
       -1.02267712e-01, -2.80445032e-02, -8.54882877e-03, 2.71730311e-03,
       -6.04199804e-02, -3.37331556e-02, 1.93510875e-02, 4.35116813e-02,
       5.95147200e-02, 7.91559070e-02, 9.30047259e-02, 1.23057716e-01,
       1.36906505e-01, 1.50889441e-01, 2.21964225e-01, 2.21964240e-01,
       2.54278272e-01, 2.54278302e-01, -1.70099884e-02, -3.64475287e-02,
       -1.85626969e-02, 1.92467142e-02, 2.93695144e-02, -1.87631175e-02,
       -1.26417413e-01, -1.02256805e-01, -2.80334707e-02,
       -8.53780843e-03, 2.72805523e-03, -6.04092218e-02, -3.37223746e-02,
       1.93619430e-02, 4.35225666e-02, 5.95251583e-02, 7.91663304e-02,
       9.30151343e-02, 1.23068199e-01, 1.36917055e-01, 1.50899306e-01,
       2.21974090e-01, 2.21974105e-01, 2.54288137e-01, 2.54288137e-01,
       1.20043926e-01, 1.56321585e-01, 1.39827937e-01, 1.78883940e-01,
       1.73049062e-01, 4.36730757e-02, -2.09237382e-01, -1.47541925e-01,
       3.29405330e-02, 7.57643208e-02, -2.64447182e-02, -1.94573715e-01,
       -1.45820752e-01, -1.57311615e-02, 4.59910668e-02, -1.27507538e-01,
       -1.82717681e-01, -1.48994669e-01, -6.68662712e-02,
       -3.31459157e-02, -2.99124774e-02, -1.20174782e-02,
       -1.20174726e-02, 5.40056787e-02, 5.40056117e-02, 1.07041396e-01,
       1.43345788e-01, 1.26829430e-01, 1.65850744e-01, 1.60002381e-01,
       6.14306033e-02, -1.91381261e-01, -1.29687250e-01, 5.07206097e-02,
       9.35232118e-02, -1.34777240e-02, -1.81541860e-01, -1.32814229e-01,
       -2.76882318e-03, 5.89254238e-02, -1.45290941e-01, -2.00526386e-01,
       -1.66819990e-01, -8.47193524e-02, -5.10129258e-02,
       -4.28490490e-02, -2.50222441e-02, -2.50222646e-02, 4.09723297e-02,
       4.09722440e-02, 1.07010342e-01, 1.43314615e-01, 1.26798302e-01,
       1.65819407e-01, 1.59970924e-01, 6.13990650e-02, -1.91412672e-01,
       -1.29718736e-01, 5.06887771e-02, 9.34915394e-02, -1.35087520e-02,
       -1.81572855e-01, -1.32845223e-01, -2.80011934e-03, 5.88939227e-02,
       -1.45320997e-01, -2.00556517e-01, -1.66850060e-01,
       -8.47496018e-02, -5.10432608e-02, -4.28773351e-02,
       -2.50506625e-02, -2.50505917e-02, 4.09437343e-02, 4.09437343e-02,
       -7.19206557e-02, -2.38103300e-01, -2.18250871e-01, 1.86359212e-02,
       5.51276952e-02, -1.07056648e-01, 5.22955582e-02, 2.81963088e-02,
       2.13133737e-01, 1.77692562e-01, -1.13538787e-01, 1.50322299e-02,
       -3.62014584e-02, 1.86318845e-01, 1.62256598e-01, -1.06821351e-01,
       -1.18758641e-01, -1.38126448e-01, 4.08571139e-02, 2.14852598e-02,
       6.86187122e-04, -5.37952334e-02, -5.37952706e-02, 5.15934862e-02,
       5.15935086e-02, -8.68410692e-02, -2.52988815e-01, -2.33164787e-01,
       3.67331388e-03, 4.01459858e-02, -1.36630222e-01, 2.28589904e-02,
       -1.24273065e-03, 1.83591127e-01, 1.48121238e-01, -9.86677259e-02,
       2.99932621e-02, -2.12754104e-02, 2.01183736e-01, 1.77082181e-01,
       -7.72838742e-02, -8.92559364e-02, -1.08647041e-01, 7.02978522e-02,
       5.09069562e-02, -1.41423531e-02, -6.87186643e-02, -6.87185973e-02,
       3.66307423e-02, 3.66308019e-02, -8.68842155e-02, -2.53031969e-01,
       -2.33207941e-01, 3.62985255e-03, 4.01025899e-02, -1.36673942e-01,
       2.28151921e-02, -1.28660677e-03, 1.83546990e-01, 1.48076907e-01,
       -9.87108499e-02, 2.99501568e-02, -2.13183202e-02, 2.01139942e-01,
       1.77038819e-01, -7.73257464e-02, -8.92977715e-02, -1.08688883e-01,
       7.02557415e-02, 5.08647896e-02, -1.41820200e-02, -6.87582046e-02,
       -6.87582344e-02, 3.65908630e-02, 3.65908630e-02, 2.87064966e-02,
       -6.19915128e-02, -1.23874936e-02, -6.14154560e-04, 3.24353054e-02,
       -4.79650833e-02, 1.73763692e-01, 1.31237000e-01, -1.95276644e-02,
       -6.34231567e-02, -1.11456685e-01, 1.12655096e-01, 5.11364788e-02,
       -7.65725672e-02, -1.19078375e-01, -2.34025583e-01,
       -6.27500936e-02, -8.84156302e-02, -1.38085663e-01,
       -1.63753510e-01, -2.77939979e-02, 1.67432770e-01, 1.67432770e-01,
       9.31819007e-02, 9.31818262e-02, 4.15345319e-02, -4.91434708e-02,
       4.43770783e-04, 1.21890949e-02, 4.52283062e-02, -2.73139738e-02,
       1.94492549e-01, 1.51964277e-01, 1.14104291e-03, -4.27707508e-02,
       -1.24312691e-01, 9.98501703e-02, 3.83117422e-02, -8.94320458e-02,
       -1.31960124e-01, -2.54697084e-01, -8.34414139e-02,
       -1.09120108e-01, -1.58812135e-01, -1.84490770e-01,
       -1.49140675e-02, 1.80259064e-01, 1.80259079e-01, 1.05985627e-01,
       1.05985612e-01, 4.15099859e-02, -4.91680391e-02, 4.19215707e-04,
       1.21645294e-02, 4.52037193e-02, -2.73388326e-02, 1.94467485e-01,
       1.51939422e-01, 1.11598521e-03, -4.27959822e-02, -1.24337122e-01,
       9.98257548e-02, 3.82873453e-02, -8.94569233e-02, -1.31984845e-01,
       -2.54720747e-01, -8.34651366e-02, -1.09143838e-01,
       -1.58836007e-01, -1.84514686e-01, -1.49363978e-02, 1.80236593e-01,
       1.80236652e-01, 1.05962910e-01, 1.05962910e-01, -2.86348879e-01,
       2.83668280e-01, 1.31913081e-01, 6.19991347e-02, -9.35832039e-02,
       -2.36808479e-01, 1.05653569e-01, 1.05092805e-02, 5.53209335e-02,
       2.81941146e-03, -1.60554826e-01, 4.91361991e-02, -1.87035985e-02,
       1.09884873e-01, 1.47595191e-02, -6.77103251e-02, -1.33381644e-02,
       -5.21272495e-02, 9.20860097e-03, -2.95824166e-02, 4.73016575e-02,
       -3.25808153e-02, -3.25808488e-02, 4.13754582e-03, 4.13760915e-03,
       -2.68744051e-01, 3.01294059e-01, 1.49521604e-01, 7.95833543e-02,
       -7.60090649e-02, -2.88386256e-01, 5.41453212e-02, -4.10000533e-02,
       3.75966937e-03, -4.87575047e-02, -1.78184867e-01, 3.15518863e-02,
       -3.63059565e-02, 9.22513008e-02, -2.89358571e-03, -1.61511041e-02,
       3.82036939e-02, -5.97029924e-04, 6.07190430e-02, 2.19182502e-02,
       6.49534166e-02, -1.49771720e-02, -1.49772223e-02, 2.17213929e-02,
       2.17214413e-02, -2.68766314e-01, 3.01272064e-01, 1.49499297e-01,
       7.95610994e-02, -7.60317668e-02, -2.88408428e-01, 5.41233458e-02,
